==================================================
ACADEMIC PROJECT AUDIT: ML EVALUATION REPORT
==================================================

Evaluated Model: Multinomial Naive Bayes (classifier.py)
Test Accuracy: 94.12%
Target Threshold: 85.00%
Status: PASS

--------------------------------------------------
Classification Report:
--------------------------------------------------
                           precision    recall  f1-score   support

                 Advocate       1.00      1.00      1.00         1
                     Arts       0.00      0.00      0.00         1
       Automation Testing       1.00      1.00      1.00         2
               Blockchain       1.00      1.00      1.00         1
         Business Analyst       0.00      0.00      0.00         0
           Civil Engineer       1.00      1.00      1.00         1
             Data Science       1.00      1.00      1.00         3
                 Database       1.00      1.00      1.00         1
          DevOps Engineer       0.00      0.00      0.00         0
         DotNet Developer       1.00      1.00      1.00         4
            ETL Developer       0.00      0.00      0.00         0
   Electrical Engineering       1.00      1.00      1.00         3
                       HR       0.00      0.00      0.00         0
                   Hadoop       1.00      1.00      1.00         2
       Health and fitness       1.00      1.00      1.00         3
           Java Developer       0.67      1.00      0.80         2
      Mechanical Engineer       1.00      1.00      1.00         1
Network Security Engineer       1.00      1.00      1.00         2
       Operations Manager       0.00      0.00      0.00         0
                      PMO       0.00      0.00      0.00         0
         Python Developer       1.00      0.67      0.80         3
            SAP Developer       1.00      1.00      1.00         1
                    Sales       1.00      1.00      1.00         1
                  Testing       1.00      1.00      1.00         1
            Web Designing       1.00      1.00      1.00         1

                 accuracy                           0.94        34
                macro avg       0.71      0.71      0.70        34
             weighted avg       0.95      0.94      0.94        34

--------------------------------------------------
Confusion Matrix:
--------------------------------------------------
[[1 0 0 0 0 0 0 0 0 0 0 0 0 0 0 0 0 0 0 0 0 0 0 0 0]
 [0 0 0 0 0 0 0 0 0 0 0 0 0 0 0 0 0 0 1 0 0 0 0 0 0]
 [0 0 2 0 0 0 0 0 0 0 0 0 0 0 0 0 0 0 0 0 0 0 0 0 0]
 [0 0 0 1 0 0 0 0 0 0 0 0 0 0 0 0 0 0 0 0 0 0 0 0 0]
 [0 0 0 0 0 0 0 0 0 0 0 0 0 0 0 0 0 0 0 0 0 0 0 0 0]
 [0 0 0 0 0 1 0 0 0 0 0 0 0 0 0 0 0 0 0 0 0 0 0 0 0]
 [0 0 0 0 0 0 3 0 0 0 0 0 0 0 0 0 0 0 0 0 0 0 0 0 0]
 [0 0 0 0 0 0 0 1 0 0 0 0 0 0 0 0 0 0 0 0 0 0 0 0 0]
 [0 0 0 0 0 0 0 0 0 0 0 0 0 0 0 0 0 0 0 0 0 0 0 0 0]
 [0 0 0 0 0 0 0 0 0 4 0 0 0 0 0 0 0 0 0 0 0 0 0 0 0]
 [0 0 0 0 0 0 0 0 0 0 0 0 0 0 0 0 0 0 0 0 0 0 0 0 0]
 [0 0 0 0 0 0 0 0 0 0 0 3 0 0 0 0 0 0 0 0 0 0 0 0 0]
 [0 0 0 0 0 0 0 0 0 0 0 0 0 0 0 0 0 0 0 0 0 0 0 0 0]
 [0 0 0 0 0 0 0 0 0 0 0 0 0 2 0 0 0 0 0 0 0 0 0 0 0]
 [0 0 0 0 0 0 0 0 0 0 0 0 0 0 3 0 0 0 0 0 0 0 0 0 0]
 [0 0 0 0 0 0 0 0 0 0 0 0 0 0 0 2 0 0 0 0 0 0 0 0 0]
 [0 0 0 0 0 0 0 0 0 0 0 0 0 0 0 0 1 0 0 0 0 0 0 0 0]
 [0 0 0 0 0 0 0 0 0 0 0 0 0 0 0 0 0 2 0 0 0 0 0 0 0]
 [0 0 0 0 0 0 0 0 0 0 0 0 0 0 0 0 0 0 0 0 0 0 0 0 0]
 [0 0 0 0 0 0 0 0 0 0 0 0 0 0 0 0 0 0 0 0 0 0 0 0 0]
 [0 0 0 0 0 0 0 0 0 0 0 0 0 0 0 1 0 0 0 0 2 0 0 0 0]
 [0 0 0 0 0 0 0 0 0 0 0 0 0 0 0 0 0 0 0 0 0 1 0 0 0]
 [0 0 0 0 0 0 0 0 0 0 0 0 0 0 0 0 0 0 0 0 0 0 1 0 0]
 [0 0 0 0 0 0 0 0 0 0 0 0 0 0 0 0 0 0 0 0 0 0 0 1 0]
 [0 0 0 0 0 0 0 0 0 0 0 0 0 0 0 0 0 0 0 0 0 0 0 0 1]]
